9434880
9431188
9420112
9416524
9375808
9372324
9361456
9358076
9647872
9644596
9633936
9630764
9590464
9587396
9576944
9573980
9867520
9864660
9854416
9851660
9811776
9809124
9799088
9796540
10093824
10091380
10081552
10079212
10039744
10037508
10027888
10025756
10326784
10324756
10315344
10313420
10274368
10272548
10263344
10261628
10566400
10564788
10555792
10554284
10515648
10514244
10505456
10504156
10812672
10811476
10802896
10801804
10763584
10762596
10754224
10753340
11065600
11064820
11056656
11055980
11018176
11017604
11009648
11009180
9431188
9434880
9423804
9427600
9386884
9390784
9379916
9383920
9673716
9677824
9667164
9671376
9631076
9635392
9624940
9629360
9922900
9927424
9917180
9921808
9881924
9886656
9876620
9881456
10178740
10183680
10173852
10178896
10139428
10144576
10134956
10140208
10441236
10446592
10437180
10442640
10403588
10409152
10399948
10405616
10710388
10716160
10707164
10713040
10674404
10680384
10671596
10677680
10986196
10992384
10983804
10990096
10951876
10958272
10949900
10956400
11268660
11275264
11267100
11273808
11236004
11242816
11234860
11241776
9420112
9423804
9434880
9438676
9390576
9394476
9405760
9409764
9692176
9696284
9707776
9711988
9664304
9668620
9680320
9684740
9970896
9975420
9987328
9991956
9944688
9949420
9961536
9966372
10256272
10261212
10273536
10278580
10231728
10236876
10249408
10254660
10548304
10553660
10566400
10571860
10525424
10530988
10543936
10549604
10846992
10852764
10865920
10871796
10825776
10831756
10845120
10851204
11152336
11158524
11172096
11178388
11132784
11139180
11152960
11159460
11464336
11470940
11484928
11491636
11446448
11453260
11467456
11474372
9940684
9951760
9962836
9974016
9925916
9937200
9948484
9959872
10242284
10253776
10265268
10276864
10229180
10240880
10252580
10264384
10550540
10562448
10574356
10586368
10539100
10551216
10563332
10575552
10865452
10877776
10890100
10902528
10855676
10868208
10880740
10893376
11187020
11199760
11212500
11225344
11178908
11191856
11204804
11217856
11515244
11528400
11541556
11554816
11508796
11522160
11535524
11548992
11850124
11863696
11877268
11890944
11845340
11859120
11872900
11886784
12191660
12205648
12219636
12233728
12188540
12202736
12216932
12231232
9375808
9386884
9390576
9401756
9434880
9446164
9450064
9461452
9706944
9718436
9722544
9734140
9767680
9779380
9783696
9795500
10044736
10056644
10061168
10073180
10107136
10119252
10123984
10136204
10389184
10401508
10406448
10418876
10453248
10465780
10470928
10483564
10740288
10753028
10758384
10771228
10806016
10818964
10824528
10837580
11098048
11111204
11116976
11130236
11165440
11178804
11184784
11198252
11462464
11476036
11482224
11495900
11531520
11545300
11551696
11565580
11833536
11847524
11854128
11868220
11904256
11918452
11925264
11939564
10420644
10439104
10442796
10461360
10494484
10513152
10517052
10535824
10781316
10800192
10804300
10823280
10856820
10875904
10880220
10899408
11148644
11167936
11172460
11191856
11225812
11245312
11250044
11269648
11522628
11542336
11547276
11567088
11601460
11621376
11626524
11646544
11903268
11923392
11928748
11948976
11983764
12004096
12009660
12030096
12290564
12311104
12316876
12337520
12372724
12393472
12399452
12420304
12684516
12705472
12711660
12732720
12768340
12789504
12795900
12817168
13085124
13106496
13113100
13134576
13170612
13192192
13199004
13220688
11458096
11476556
11502400
11520964
11546704
11565372
11591424
11610196
11848304
11867180
11893440
11912420
11938576
11957660
11984128
12003316
12245168
12264460
12291136
12310532
12337104
12356604
12383488
12403092
12648688
12668396
12695488
12715300
12742288
12762204
12789504
12809524
13058864
13078988
13106496
13126724
13154128
13174460
13202176
13222612
13475696
13496236
13524160
13544804
13572624
13593372
13621504
13642356
13899184
13920140
13948480
13969540
13997776
14018940
14047488
14068756
14329328
14350700
14379456
14400932
14429584
14451164
14480128
14501812
13027196
13053040
13078884
13104832
13130572
13156624
13182676
13208832
13446940
13473200
13499460
13525824
13551980
13578448
13604916
13631488
13873340
13900016
13926692
13953472
13980044
14006928
14033812
14060800
14306396
14333488
14360580
14387776
14414764
14442064
14469364
14496768
14746108
14773616
14801124
14828736
14856140
14883856
14911572
14939392
15192476
15220400
15248324
15276352
15304172
15332304
15360436
15388672
15645500
15673840
15702180
15730624
15758860
15787408
15815956
15844608
16105180
16133936
16162692
16191552
16220204
16249168
16278132
16307200
41097472
41123316
41141776
41167724
41156544
41182596
41201264
41227420
41783040
41809300
41828176
41854540
41843776
41870244
41889328
41915900
42475264
42501940
42521232
42548012
42537664
42564548
42584048
42611036
43174144
43201236
43220944
43248140
43238208
43265508
43285424
43312828
43879680
43907188
43927312
43954924
43945408
43973124
43993456
44021276
44591872
44619796
44640336
44668364
44659264
44687396
44708144
44736380
45310720
45339060
45360016
45388460
45379776
45408324
45429488
45458140
46036224
46064980
46086352
46115212
46106944
46135908
46157488
46186556
43190836
43224064
43242524
43275856
43264676
43298112
43316780
43350320
43905940
43939584
43958460
43992208
43981444
44015296
44034380
44068336
44627700
44661760
44681052
44715216
44704868
44739136
44758636
44793008
45356116
45390592
45410300
45444880
45434948
45469632
45489548
45524336
46091188
46126080
46146204
46181200
46171684
46206784
46227116
46262320
46832916
46868224
46888764
46924176
46915076
46950592
46971340
47006960
47581300
47617024
47637980
47673808
47665124
47701056
47722220
47758256
48336340
48372480
48393852
48430096
48421828
48458176
48479756
48516208
45276816
45310044
45350656
45383988
45365424
45398860
45439680
45473220
46021456
46055100
46096128
46129876
46111728
46145580
46186816
46220772
46772752
46806812
46848256
46882420
46864688
46898956
46940608
46974980
47530704
47565180
47607040
47641620
47624304
47658988
47701056
47735844
48295312
48330204
48372480
48407476
48390576
48425676
48468160
48503364
49066576
49101884
49144576
49179988
49163504
49199020
49241920
49277540
49844496
49880220
49923328
49959156
49943088
49979020
50022336
50058372
50629072
50665212
50708736
50744980
50729328
50765676
50809408
50845860
47894444
47935056
47975668
48016384
47997820
48038640
48079460
48120384
48668620
48709648
48750676
48791808
48773660
48814896
48856132
48897472
49449452
49490896
49532340
49573888
49556156
49597808
49639460
49681216
50236940
50278800
50320660
50362624
50345308
50387376
50429444
50471616
51031084
51073360
51115636
51158016
51141116
51183600
51226084
51268672
51831884
51874576
51917268
51960064
51943580
51986480
52029380
52072384
52639340
52682448
52725556
52768768
52752700
52796016
52839332
52882752
53453452
53496976
53540500
53584128
53568476
53612208
53655940
53699776
49426624
49467236
49500464
49541180
49603840
49644660
49678096
49719020
50230336
50271364
50305008
50346140
50409216
50450452
50484304
50525644
51040704
51082148
51116208
51157756
51221248
51262900
51297168
51338924
51857728
51899588
51934064
51976028
52039936
52082004
52116688
52158860
52681408
52723684
52758576
52800956
52865280
52907764
52942864
52985452
53511744
53554436
53589744
53632540
53697280
53740180
53775696
53818700
54348736
54391844
54427568
54470780
54535936
54579252
54615184
54658604
55192384
55235908
55272048
55315676
55381248
55424980
55461328
55505164
52568516
52616512
52649740
52697840
52760500
52808704
52842140
52890448
53401764
53450176
53483820
53532336
53595412
53644032
53677884
53726608
54241668
54290496
54324556
54373488
54436980
54486016
54520284
54569424
55088228
55137472
55171948
55221296
55285204
55334656
55369340
55418896
55941444
55991104
56025996
56075760
56140084
56189952
56225052
56275024
56801316
56851392
56886700
56936880
57001620
57051904
57087420
57137808
57667844
57718336
57754060
57804656
57869812
57920512
57956444
58007248
58541028
58591936
58628076
58679088
58744660
58795776
58832124
58883344
55703024
55751020
55806400
55854500
55909776
55957980
56013568
56061876
56565808
56614220
56670016
56718532
56774224
56822844
56878848
56927572
57435248
57484076
57540288
57589220
57645328
57694364
57750784
57799924
58311344
58360588
58417216
58466564
58523088
58572540
58629376
58678932
59194096
59243756
59300800
59350564
59407504
59457372
59514624
59564596
60083504
60133580
60191040
60241220
60298576
60348860
60406528
60456916
60979568
61030060
61087936
61138532
61196304
61247004
61305088
61355892
61882288
61933196
61991488
62042500
62100688
62151804
62210304
62261524
59369180
59424560
59479940
59535424
59590700
59646288
59701876
59757568
60261500
60317296
60373092
60428992
60484684
60540688
60596692
60652800
61160476
61216688
61272900
61329216
61385324
61441744
61498164
61554688
62066108
62122736
62179364
62236096
62292620
62349456
62406292
62463232
62978396
63035440
63092484
63149632
63206572
63263824
63321076
63378432
63897340
63954800
64012260
64069824
64127180
64184848
64242516
64300288
64822940
64880816
64938692
64996672
65054444
65112528
65170612
65228800
65755196
65813488
65871780
65930176
65988364
66046864
66105364
66163968
106312960
106368340
106416336
106471820
106490176
106545764
106593968
106649660
107471104
107526900
107575312
107631212
107649984
107705988
107754608
107810716
108635904
108692116
108740944
108797260
108816448
108872868
108921904
108978428
109807360
109863988
109913232
109969964
109989568
110046404
110095856
110152796
110985472
111042516
111092176
111149324
111169344
111226596
111276464
111333820
112170240
112227700
112277776
112335340
112355776
112413444
112463728
112521500
113361664
113419540
113470032
113528012
113548864
113606948
113657648
113715836
114559744
114618036
114668944
114727340
114748608
114807108
114858224
114916828
110503380
110566144
110614140
110677008
110695364
110758336
110806540
110869616
111691060
111754240
111802652
111865936
111884708
111948096
111996716
112060208
112885396
112948992
112997820
113061520
113080708
113144512
113193548
113257456
114086388
114150400
114199644
114263760
114283364
114347584
114397036
114461360
115294036
115358464
115408124
115472656
115492676
115557312
115607180
115671920
116508340
116573184
116623260
116688208
116708644
116773696
116823980
116889136
117729300
117794560
117845052
117910416
117931268
117996736
118047436
118113008
118956916
119022592
119073500
119139280
119160548
119226432
119277548
119343536
114686416
114749180
114819328
114882196
114893168
114956140
115026496
115089572
115903632
115966812
116037376
116100660
116112048
116175436
116246208
116309700
117127504
117191100
117262080
117325780
117337584
117401388
117472576
117536484
118358032
118422044
118493440
118557556
118569776
118633996
118705600
118769924
119595216
119659644
119731456
119795988
119808624
119873260
119945280
120010020
120839056
120903900
120976128
121041076
121054128
121119180
121191616
121256772
122089552
122154812
122227456
122292820
122306288
122371756
122444608
122510180
123346704
123412380
123485440
123551220
123565104
123630988
123704256
123770244
119401100
119471248
119541396
119611648
119622620
119692976
119763332
119833792
120647852
120718416
120788980
120859648
120871036
120941808
121012580
121083456
121901260
121972240
122043220
122114304
122126108
122197296
122268484
122339776
123161324
123232720
123304116
123375616
123387836
123459440
123531044
123602752
124428044
124499856
124571668
124643584
124656220
124728240
124800260
124872384
125701420
125773648
125845876
125918208
125931260
126003696
126076132
126148672
126981452
127054096
127126740
127199488
127212956
127285808
127358660
127431616
128268140
128341200
128414260
128487424
128501308
128574576
128647844
128721216
123030336
123100484
123163248
123233500
123325696
123396052
123459024
123529484
124306624
124377188
124440368
124511036
124603648
124674420
124737808
124808684
125589568
125660548
125724144
125795228
125888256
125959444
126023248
126094540
126879168
126950564
127014576
127086076
127179520
127251124
127315344
127387052
128175424
128247236
128311664
128383580
128477440
128549460
128614096
128686220
129478336
129550564
129615408
129687740
129782016
129854452
129919504
129992044
130787904
130860548
130925808
130998556
131093248
131166100
131231568
131304524
132104128
132177188
132242864
132316028
132411136
132484404
132550288
132623660
128269284
128346816
128409580
128487216
128579412
128657152
128720124
128797968
129575108
129653056
129716236
129794288
129886900
129965056
130028444
130106704
130887588
130965952
131029548
131108016
131201044
131279616
131343420
131422096
132206724
132285504
132349516
132428400
132521844
132600832
132665052
132744144
133532516
133611712
133676140
133755440
133849300
133928704
133993340
134072848
134864964
134944576
135009420
135089136
135183412
135263232
135328284
135408208
136204068
136284096
136349356
136429488
136524180
136604416
136669884
136750224
137549828
137630272
137695948
137776496
137871604
137952256
138018140
138098896
133500848
133578380
133663296
133740932
133825744
133903484
133988608
134066452
134836208
134914156
134999488
135077540
135162768
135240924
135326464
135404724
136178224
136256588
136342336
136420804
136506448
136585020
136670976
136749652
137526896
137605676
137691840
137770724
137856784
137935772
138022144
138101236
138882224
138961420
139048000
139127300
139213776
139293180
139379968
139459476
140244208
140323820
140410816
140490532
140577424
140657244
140744448
140824372
141612848
141692876
141780288
141860420
141947728
142027964
142115584
142195924
142988144
143068588
143156416
143236964
143324688
143405340
143493376
143574132
139264060
139348976
139433892
139518912
139603724
139688848
139773972
139859200
140628956
140714288
140799620
140885056
140970284
141055824
141141364
141227008
142000508
142086256
142172004
142257856
142343500
142429456
142515412
142601472
143378716
143464880
143551044
143637312
143723372
143809744
143896116
143982592
144763580
144850160
144936740
145023424
145109900
145196688
145283476
145370368
146155100
146242096
146329092
146416192
146503084
146590288
146677492
146764800
147553276
147640688
147728100
147815616
147902924
147990544
148078164
148165888
148958108
149045936
149133764
149221696
149309420
149397456
149485492
149573632
205081344
205166260
205243792
205328812
205376704
205461828
205539568
205624796
206712064
206797396
206875344
206960780
207009088
207094628
207172784
207258428
208349440
208435188
208513552
208599404
208648128
208734084
208812656
208898716
209993472
210079636
210158416
210244684
210293824
210380196
210459184
210545660
211644160
211730740
211809936
211896620
211946176
212032964
212112368
212199260
213301504
213388500
213468112
213555212
213605184
213692388
213772208
213859516
214965504
215052916
215132944
215220460
215270848
215358468
215438704
215526428
216636160
216723988
216804432
216892364
216943168
217031204
217111856
217199996
211368820
211461120
211538652
211631056
211678948
211771456
211849196
211941808
213029076
213121792
213199740
213292560
213340868
213433792
213511948
213604976
214695988
214789120
214867484
214960720
215009444
215102784
215181356
215274800
216369556
216463104
216541884
216635536
216684676
216778432
216857420
216951280
218049780
218143744
218222940
218317008
218366564
218460736
218540140
218634416
219736660
219831040
219910652
220005136
220055108
220149696
220229516
220324208
221430196
221524992
221605020
221699920
221750308
221845312
221925548
222020656
223130388
223225600
223306044
223401360
223452164
223547584
223628236
223723760
217648912
217741212
217840896
217933300
217973808
218066316
218166208
218258820
219338704
219431420
219531520
219624340
219665264
219758188
219858496
219951524
221035152
221128284
221228800
221322036
221363376
221456716
221557440
221650884
222738256
222831804
222932736
223026388
223068144
223161900
223263040
223356900
224448016
224541980
224643328
224737396
224779568
224873740
224975296
225069572
226164432
226258812
226360576
226455060
226497648
226592236
226694208
226788900
227887504
227982300
228084480
228179380
228222384
228317388
228419776
228514884
229617232
229712444
229815040
229910356
229953776
230049196
230152000
230247524
224460652
224560336
224660020
224759808
224800316
224900208
225000100
225100096
226179980
226280080
226380180
226480384
226521308
226621616
226721924
226822336
227905964
228006480
228106996
228207616
228248956
228349680
228450404
228551232
229638604
229739536
229840468
229941504
229983260
230084400
230185540
230286784
231377900
231479248
231580596
231682048
231724220
231825776
231927332
232028992
233123852
233225616
233327380
233429248
233471836
233573808
233675780
233777856
234876460
234978640
235080820
235183104
235226108
235328496
235430884
235533376
236635724
236738320
236840916
236943616
236987036
237089840
237192644
237295552
230186944
230286628
230378928
230478716
230600448
230700340
230792848
230892844
231935808
232035908
232128624
232228828
232350976
232451284
232544208
232644620
233691328
233791844
233884976
233985596
234108160
234208884
234302224
234403052
235453504
235554436
235647984
235749020
235872000
235973140
236066896
236168140
237222336
237323684
237417648
237519100
237642496
237744052
237838224
237939884
238997824
239099588
239193968
239295836
239419648
239521620
239616208
239718284
240779968
240882148
240976944
241079228
241203456
241305844
241400848
241503340
242568768
242671364
242766576
242869276
242993920
243096724
243192144
243295052
237522948
237630016
237722316
237829488
237951220
238058496
238151004
238258384
239301348
239408832
239501548
239609136
239731284
239838976
239931900
240039696
241086404
241194304
241287436
241395440
241518004
241626112
241719452
241827664
242878116
242986432
243079980
243188400
243311380
243419904
243513660
243622288
244676484
244785216
244879180
244988016
245111412
245220352
245314524
245423568
246481508
246590656
246685036
246794288
246918100
247027456
247122044
247231504
248293188
248402752
248497548
248607216
248731444
248841216
248936220
249046096
250111524
250221504
250316716
250426800
250551444
250661632
250757052
250867344
244851568
244958636
245073088
245180260
245294608
245401884
245516544
245623924
246659504
246766988
246881856
246989444
247104208
247211900
247326976
247434772
248474096
248581996
248697280
248805284
248920464
249028572
249144064
249252276
250295344
250403660
250519360
250627780
250743376
250851900
250967808
251076436
252123248
252231980
252348096
252456932
252572944
252681884
252798208
252907252
253957808
254066956
254183488
254292740
254409168
254518524
254635264
254744724
255799024
255908588
256025536
256135204
256252048
256361820
256478976
256588852
257646896
257756876
257874240
257984324
258101584
258211772
258329344
258439636
252711836
252826288
252940740
253055296
253169644
253284304
253398964
253513728
254549308
254664176
254779044
254894016
255008780
255123856
255238932
255354112
256393436
256508720
256624004
256739392
256854572
256970064
257085556
257201152
258244220
258359920
258475620
258591424
258707020
258822928
258938836
259054848
260101660
260217776
260333892
260450112
260566124
260682448
260798772
260915200
261965756
262082288
262198820
262315456
262431884
262548624
262665364
262782208
263836508
263953456
264070404
264187456
264304300
264421456
264538612
264655872
265713916
265831280
265948644
266066112
266183372
266300944
266418516
266536192
337402624
337517076
337624144
337738700
337816128
337930788
338038064
338152828
339505920
339620788
339728272
339843244
339921088
340036164
340143856
340259036
341615872
341731156
341839056
341954444
342032704
342148196
342256304
342371900
343732480
343848180
343956496
344072300
344150976
344266884
344375408
344491420
345855744
345971860
346080592
346196812
346275904
346392228
346501168
346617596
347985664
348102196
348211344
348327980
348407488
348524228
348633584
348750428
350122240
350239188
350348752
350465804
350545728
350662884
350772656
350889916
352265472
352382836
352492816
352610284
352690624
352808196
352918384
353036060
345787156
345908992
346016060
346138000
346215428
346337472
346444748
346566896
347919988
348042240
348149724
348272080
348349924
348472384
348580076
348702640
350059476
350182144
350290044
350412816
350491076
350613952
350722060
350845040
352205620
352328704
352437020
352560208
352638884
352762176
352870700
352994096
354358420
354481920
354590652
354714256
354793348
354917056
355025996
355149808
356517876
356641792
356750940
356874960
356954468
357078592
357187948
357312176
358683988
358808320
358917884
359042320
359122244
359246784
359356556
359481200
360856756
360981504
361091484
361216336
361296676
361421632
361531820
361656880
354164304
354286140
354415360
354537300
354607344
354729388
354858816
354980964
356326672
356448924
356578560
356700916
356771376
356893836
357023680
357146244
358495696
358618364
358748416
358871188
358942064
359064940
359195200
359318180
360671376
360794460
360924928
361048116
361119408
361242700
361373376
361496772
362853712
362977212
363108096
363231700
363303408
363427116
363558208
363682020
365042704
365166620
365297920
365421940
365494064
365618188
365749696
365873924
367238352
367362684
367494400
367618836
367691376
367815916
367947840
368072484
369440656
369565404
369697536
369822388
369895344
370020300
370152640
370277700
363073100
363202320
363331540
363460864
363530908
363660336
363789764
363919296
365265004
365394640
365524276
365654016
365724476
365854320
365984164
366114112
367463564
367593616
367723668
367853824
367924700
368054960
368185220
368315584
369668780
369799248
369929716
370060288
370131580
370262256
370392932
370523712
371880652
372011536
372142420
372273408
372345116
372476208
372607300
372738496
374099180
374230480
374361780
374493184
374565308
374696816
374828324
374959936
376324364
376456080
376587796
376719616
376792156
376924080
377056004
377188032
378556204
378688336
378820468
378952704
379025660
379158000
379290340
379422784
370896448
371025668
371147504
371276828
371428096
371557524
371679568
371809100
373117888
373247524
373369776
373499516
373651200
373781044
373903504
374033452
375345984
375476036
375598704
375728860
375880960
376011220
376134096
376264460
377580736
377711204
377834288
377964860
378117376
378248052
378371344
378502124
379822144
379953028
380076528
380207516
380360448
380491540
380615248
380746444
382070208
382201508
382325424
382456828
382610176
382741684
382865808
382997420
384324928
384456644
384580976
384712796
384866560
384998484
385123024
385255052
386586304
386718436
386843184
386975420
387129600
387261940
387386896
387519340
380329508
380466112
380587948
380724656
380875924
381012736
381134780
381271696
382580484
382717504
382839756
382976880
383128564
383265792
383388252
383525584
384838116
384975552
385098220
385235760
385387860
385525504
385648380
385786128
387102404
387240256
387363340
387501296
387653812
387791872
387915164
388053328
389373348
389511616
389635116
389773488
389926420
390064896
390188604
390327184
391650948
391789632
391913548
392052336
392205684
392344576
392468700
392607696
393935204
394074304
394198636
394337840
394491604
394630912
394755452
394894864
396226116
396365632
396490380
396630000
396784180
396923904
397048860
397188688
389755184
389891788
390035776
390172484
390316368
390453180
390597376
390734292
392035696
392172716
392317120
392454244
392598544
392735772
392880384
393017716
394322864
394460300
394605120
394742660
394887376
395025020
395170048
395307796
396616688
396754540
396899776
397037732
397182864
397320924
397466368
397604532
398917168
399055436
399201088
399339460
399485008
399623484
399769344
399907924
401224304
401362988
401509056
401647844
401793808
401932700
402078976
402217972
403538096
403677196
403823680
403962884
404109264
404248572
404395264
404534676
405858544
405998060
406144960
406284580
406431376
406571100
406718208
406858036
399712508
399856496
400000484
400144576
400288460
400432656
400576852
400721152
402022556
402166960
402311364
402455872
402600172
402744784
402889396
403034112
404339260
404484080
404628900
404773824
404918540
405063568
405208596
405353728
406662620
406807856
406953092
407098432
407243564
407389008
407534452
407680000
408992636
409138288
409283940
409429696
409575244
409721104
409866964
410012928
411329308
411475376
411621444
411767616
411913580
412059856
412206132
412352512
413672636
413819120
413965604
414112192
414258572
414405264
414551956
414698752
416022620
416169520
416316420
416463424
416610220
416757328
416904436
417051648
503276800
503420788
503557392
503701484
503808448
503952644
504089456
504233756
505852672
505997076
506134096
506278604
506385984
506530596
506667824
506812540
508435200
508580020
508717456
508862380
508970176
509115204
509252848
509397980
511024384
511169620
511307472
511452812
511561024
511706468
511844528
511990076
513620224
513765876
513904144
514049900
514158528
514304388
514442864
514588828
516222720
516368788
516507472
516653644
516762688
516908964
517047856
517194236
518831872
518978356
519117456
519264044
519373504
519520196
519659504
519806300
521447680
521594580
521734096
521881100
521990976
522138084
522277808
522425020
513758388
513909760
514046364
514197840
514304804
514456384
514593196
514744880
516363796
516515584
516652604
516804496
516911876
517063872
517201100
517353200
518975860
519128064
519265500
519417808
519525604
519678016
519815660
519968176
521594580
521747200
521885052
522037776
522145988
522298816
522436876
522589808
524219956
524372992
524511260
524664400
524773028
524926272
525064748
525218096
526851988
527005440
527144124
527297680
527406724
527560384
527699276
527853040
529490676
529644544
529783644
529937616
530047076
530201152
530340460
530494640
532136020
532290304
532429820
532584208
532694084
532848576
532988300
533142896
524232592
524383964
524542720
524694196
524793776
524945356
525104320
525256004
526867536
527019324
527178496
527330388
527430384
527582380
527741760
527893860
529509136
529661340
529820928
529973236
530073648
530226060
530385856
530538372
532157392
532310012
532470016
532622740
532723568
532876396
533036608
533189540
534812304
534965340
535125760
535278900
535380144
535533388
535694016
535847364
537473872
537627324
537788160
537941716
538043376
538197036
538358080
538511844
540142096
540295964
540457216
540611188
540713264
540867340
541028800
541182980
542816976
542971260
543132928
543287316
543389808
543544300
543706176
543860772
535238444
535397200
535555956
535714816
535814396
535973360
536132324
536291392
537902924
538062096
538221268
538380544
538480540
538639920
538799300
538958784
540574060
540733648
540893236
541052928
541153340
541313136
541472932
541632832
543251852
543411856
543571860
543731968
543832796
543993008
544153220
544313536
545936300
546096720
546257140
546417664
546518908
546679536
546840164
547000896
548627404
548788240
548949076
549110016
549211676
549372720
549533764
549694912
551325164
551486416
551647668
551809024
551911100
552072560
552234020
552395584
554029580
554191248
554352916
554514688
554617180
554779056
554940932
555102912
545158848
545317604
545468976
545627836
545808640
545967604
546119184
546278252
547852864
548012036
548163824
548323100
548504320
548663700
548815696
548975180
550553536
550713124
550865328
551025020
551206656
551366452
551518864
551678764
553260864
553420868
553573488
553733596
553915648
554075860
554228688
554389004
555974848
556135268
556288304
556448828
556631296
556791924
556945168
557105900
558695488
558856324
559009776
559170716
559353600
559514644
559668304
559829452
561422784
561584036
561737904
561899260
562082560
562244020
562398096
562559660
564156736
564318404
564472688
564634460
564818176
564980052
565134544
565296524
556688964
556855104
557006476
557172720
557353524
557519872
557671452
557837904
559412516
559579072
559730860
559897520
560078740
560245504
560397500
560564368
562142724
562309696
562461900
562628976
562810612
562977792
563130204
563297488
564879588
565046976
565199596
565367088
565549140
565716736
565869564
566037264
567623108
567790912
567943948
568111856
568294324
568462336
568615580
568783696
570373284
570541504
570694956
570863280
571046164
571214592
571368252
571536784
573130116
573298752
573452620
573621360
573804660
573973504
574127580
574296528
575893604
576062656
576216940
576386096
576569812
576739072
576893564
577062928
568211696
568377836
568551360
568717604
568891024
569057372
569231104
569397556
570964784
571131340
571305280
571471940
571645776
571812540
571986688
572153556
573724528
573891500
574065856
574232932
574407184
574574364
574748928
574916212
576490928
576658316
576833088
577000580
577175248
577342844
577517824
577685524
579263984
579431788
579606976
579774884
579949968
580117980
580293376
580461492
582043696
582211916
582387520
582555844
582731344
582899772
583075584
583244116
584830064
584998700
585174720
585343460
585519376
585688220
585864448
586033396
587623088
587792140
587968576
588137732
588314064
588483324
588659968
588829332
580266076
580439600
580613124
580786752
580960172
581133904
581307636
581481472
583048700
583222640
583396580
583570624
583744460
583918608
584092756
584267008
585837980
586012336
586186692
586361152
586535404
586709968
586884532
587059200
588633916
588808688
588983460
589158336
589333004
589507984
589682964
589858048
591436508
591611696
591786884
591962176
592137260
592312656
592488052
592663552
594245756
594421360
594596964
594772672
594948172
595123984
595299796
595475712
597061660
597237680
597413700
597589824
597765740
597941968
598118196
598294528
599884220
600060656
600237092
600413632
600589964
600766608
600943252
601120000
702703872
702877396
703043536
703217164
703353664
703527396
703693744
703867580
705752320
705926260
706092816
706266860
706403776
706577924
706744688
706918940
708807424
708981780
709148752
709323212
709460544
709635108
709802288
709976956
711869184
712043956
712211344
712386220
712523968
712698948
712866544
713041628
714937600
715112788
715280592
715455884
715594048
715769444
715937456
716112956
718012672
718188276
718356496
718532204
718670784
718846596
719015024
719190940
721094400
721270420
721439056
721615180
721754176
721930404
722099248
722275580
724182784
724359220
724528272
724704812
724844224
725020868
725190128
725366876
715282516
715463424
715629564
715810576
715947076
716128192
716294540
716475760
718360500
718541824
718708380
718889808
719026724
719208256
719375020
719556656
721445140
721626880
721793852
721975696
722113028
722294976
722462156
722644208
724536436
724718592
724885980
725068240
725205988
725388352
725555948
725738416
727634388
727816960
727984764
728167440
728305604
728488384
728656396
728839280
730738996
730921984
731090204
731273296
731411876
731595072
731763500
731946800
733850260
734033664
734202300
734385808
734524804
734708416
734877260
735060976
736968180
737152000
737321052
737504976
737644388
737828416
737997676
738181808
727853776
728034684
728222976
728403988
728533104
728714220
728902720
729083940
730961296
731142620
731331328
731512756
731642288
731823820
732012736
732194372
734075472
734257212
734446336
734628180
734758128
734940076
735129408
735311460
737196304
737378460
737568000
737750260
737880624
738062988
738252736
738435204
740323792
740506364
740696320
740878996
741009776
741192556
741382720
741565604
743457936
743640924
743831296
744014388
744145584
744328780
744519360
744702660
746598736
746782140
746972928
747156436
747288048
747471660
747662656
747846372
749746192
749930012
750121216
750305140
750437168
750621196
750812608
750996740
740956684
741144976
741333268
741521664
741650780
741839280
742027780
742216384
744093740
744282448
744471156
744659968
744789500
744978416
745167332
745356352
747237452
747426576
747615700
747804928
747934876
748124208
748313540
748502976
750387820
750577360
750766900
750956544
751086908
751276656
751466404
751656256
753544844
753734800
753924756
754114816
754245596
754435760
754625924
754816192
756708524
756898896
757089268
757279744
757410940
757601520
757792100
757982784
759878860
760069648
760260436
760451328
760582940
760773936
760964932
761156032
763055852
763247056
763438260
763629568
763761596
763953008
764144420
764335936
752974144
753162436
753343344
753531740
753742080
753930580
754111696
754300300
756140736
756329444
756510768
756699580
756910336
757099252
757280784
757469804
759313984
759503108
759684848
759874076
760085248
760274580
760456528
760645964
762493888
762683428
762865584
763055228
763266816
763456564
763638928
763828780
765680448
765870404
766052976
766243036
766455040
766645204
766827984
767018252
768873664
769064036
769247024
769437500
769649920
769840500
770023696
770214380
772073536
772264324
772447728
772638620
772851456
773042452
773226064
773417164
775280064
775471268
775655088
775846396
776059648
776251060
776435088
776626604
766601316
766796992
766977900
767173680
767384020
767579904
767761020
767957008
769797444
769993536
770174860
770371056
770581812
770778112
770959644
771156048
773000228
773196736
773378476
773575088
773786260
773982976
774164924
774361744
776209668
776406592
776588748
776785776
776997364
777194496
777376860
777574096
779425764
779623104
779805676
780003120
780215124
780412672
780595452
780793104
782648516
782846272
783029260
783227120
783439540
783637504
783820700
784018768
785877924
786076096
786259500
786457776
786670612
786868992
787052604
787251088
789113988
789312576
789496396
789695088
789908340
790107136
790291164
790490064
780221104
780416780
780619840
780815620
781018576
781214460
781417728
781613716
783446768
783642860
783846336
784042532
784245904
784442204
784645888
784842292
786679088
786875596
787079488
787276100
787479888
787676604
787880704
788077524
789918064
790114988
790319296
790516324
790720528
790917660
791122176
791319412
793163696
793361036
793565760
793763204
793967824
794165372
794370304
794567956
796415984
796613740
796818880
797016740
797221776
797419740
797625088
797823156
799674928
799873100
800078656
800276932
800482384
800680764
800886528
801085012
802940528
803139116
803345088
803543780
803749648
803948444
804154624
804353524
794372540
794575600
794778660
794981824
795184780
795388048
795591316
795794688
797627740
797831216
798034692
798238272
798441644
798645328
798849012
799052800
800889596
801093488
801297380
801501376
801705164
801909264
802113364
802317568
804158108
804362416
804566724
804771136
804975340
805179856
805384372
805588992
807433276
807638000
807842724
808047552
808252172
808457104
808662036
808867072
810715100
810920240
811125380
811330624
811535660
811741008
811946356
812151808
814003580
814209136
814414692
814620352
814825804
815031568
815237332
815443200
817298716
817504688
817710660
817916736
818122604
818328784
818534964
818741248
935683840
935886900
936082576
936285740
936451776
936655044
936850928
937054300
939204864
939408340
939604432
939808012
939974464
940178148
940374448
940578236
942732544
942936436
943132944
943336940
943503808
943707908
943904624
944108828
946266880
946471188
946668112
946872524
947039808
947244324
947441456
947646076
949807872
950012596
950209936
950414764
950582464
950787396
950984944
951189980
953355520
953560660
953758416
953963660
954131776
954337124
954535088
954740540
956909824
957115380
957313552
957519212
957687744
957893508
958091888
958297756
960470784
960676756
960875344
961081420
961250368
961456548
961655344
961861628
950359540
950569984
950765660
950976208
951142244
951352896
951548780
951759536
953910100
954120960
954317052
954528016
954694468
954905536
955101836
955313008
957467316
957678592
957875100
958086480
958253348
958464832
958661548
958873136
961031188
961242880
961439804
961651600
961818884
962030784
962227916
962439920
964601716
964813824
965011164
965223376
965391076
965603392
965800940
966013360
968178900
968391424
968589180
968801808
968969924
969182656
969380620
969593456
971762740
971975680
972173852
972386896
972555428
972768576
972966956
973180208
975353236
975566592
975765180
975978640
976147588
976361152
976559948
976773616
965027856
965238300
965456128
965666676
965825328
966035980
966254016
966464772
968607952
968818812
969037056
969248020
969407088
969618156
969836608
970047780
972194704
972405980
972624640
972836020
972995504
973206988
973425856
973637444
975788112
975999804
976218880
976430676
976590576
976802476
977021760
977233764
979388176
979600284
979819776
980031988
980192304
980404620
980624320
980836740
982994896
983207420
983427328
983639956
983800688
984013420
984233536
984446372
986608272
986821212
987041536
987254580
987415728
987628876
987849408
988062660
990228304
990441660
990662400
990875860
991037424
991250988
991471936
991685604
980227820
980445648
980663476
980881408
981040060
981258096
981476132
981694272
983837452
984055696
984273940
984492288
984651356
984869808
985088260
985306816
987453740
987672400
987891060
988109824
988269308
988488176
988707044
988926016
991076684
991295760
991514836
991734016
991893916
992113200
992332484
992551872
994706284
994925776
995145268
995364864
995525180
995744880
995964580
996184384
998342540
998562448
998782356
999002368
999163100
999383216
999603332
999823552
1001985452
1002205776
1002426100
1002646528
1002807676
1003028208
1003248740
1003469376
1005635020
1005855760
1006076500
1006297344
1006458908
1006679856
1006900804
1007121856
994342336
994560164
994770608
994988540
995228416
995446452
995657104
995875244
997981504
998199748
998410608
998628956
998869248
999087700
999298768
999517324
1001627328
1001845988
1002057264
1002276028
1002516736
1002735604
1002947088
1003166060
1005279808
1005498884
1005710576
1005929756
1006170880
1006390164
1006602064
1006821452
1008938944
1009158436
1009370544
1009590140
1009831680
1010051380
1010263696
1010483500
1012604736
1012824644
1013037168
1013257180
1013499136
1013719252
1013931984
1014152204
1016277184
1016497508
1016710448
1016930876
1017173248
1017393780
1017606928
1017827564
1019956288
1020177028
1020390384
1020611228
1020854016
1021074964
1021288528
1021509580
1010066564
1010291776
1010502220
1010727536
1010967412
1011192832
1011403484
1011629008
1013735268
1013960896
1014171756
1014397488
1014637780
1014863616
1015074684
1015300624
1017410628
1017636672
1017847948
1018074096
1018314804
1018541056
1018752540
1018978896
1021092644
1021319104
1021530796
1021757360
1021998484
1022225152
1022437052
1022663824
1024781316
1025008192
1025220300
1025447280
1025688820
1025915904
1026128220
1026355408
1028476644
1028703936
1028916460
1029143856
1029385812
1029613312
1029826044
1030053648
1032178628
1032406336
1032619276
1032847088
1033089460
1033317376
1033530524
1033758544
1035887268
1036115392
1036328748
1036556976
1036799764
1037028096
1037241660
1037470096
1025783408
1026008620
1026241216
1026466532
1026699024
1026924444
1027157248
1027382772
1029481648
1029707276
1029940288
1030166020
1030398928
1030624764
1030857984
1031083924
1033186544
1033412588
1033646016
1033872164
1034105488
1034331740
1034565376
1034791732
1036898096
1037124556
1037358400
1037584964
1037818704
1038045372
1038279424
1038506196
1040616304
1040843180
1041077440
1041304420
1041538576
1041765660
1042000128
1042227316
1044341168
1044568460
1044803136
1045030532
1045265104
1045492604
1045727488
1045955092
1048072688
1048300396
1048535488
1048763300
1048998288
1049226204
1049461504
1049689524
1051810864
1052038988
1052274496
1052502724
1052738128
1052966460
1053202176
1053430612
1042031900
1042264496
1042497092
1042729792
1042962284
1043195088
1043427892
1043660800
1045759676
1045992688
1046225700
1046458816
1046691724
1046924944
1047158164
1047391488
1049494108
1049727536
1049960964
1050194496
1050427820
1050661456
1050895092
1051128832
1053235196
1053469040
1053702884
1053936832
1054170572
1054404624
1054638676
1054872832
1056982940
1057217200
1057451460
1057685824
1057919980
1058154448
1058388916
1058623488
1060737340
1060972016
1061206692
1061441472
1061676044
1061910928
1062145812
1062380800
1064498396
1064733488
1064968580
1065203776
1065438764
1065674064
1065909364
1066144768
1068266108
1068501616
1068737124
1068972736
1069208140
1069443856
1069679572
1069915392
